2: [2] (0,0), (0,1)
(0,0), (0,1) 0.25
-----------------------------------------------------------------------
3: [3] (0, 0), (1, 0), (2, 1)
(0,0), (0,1), (2,0) 1.25
-----------------------------------------------------------------------
4: [4] (0, 0), (1, 0), (2, 1), (0, 3)
(0,0), (0,1), (2,2), (3,1) 2.5
-----------------------------------------------------------------------
5: [5] (2, 0), (3, 0), (4, 1), (2, 3), (0, 3)
(0,0), (0,2), (2,4), (3,2), (3,3) 5
-----------------------------------------------------------------------
6: [5] (2, 0), (4, 1), (3, 6), (0, 5), (0, 2), (0, 3)
(0,1), (0,3), (0,4), (2,6), (3,0), (4,5) 9.28200692041523
-----------------------------------------------------------------------
7: [5] (3, 0), (4, 0), (6, 2), (4, 7), (0, 5), (3, 2), (3, 6)
(0,2), (0,3), (2,0), (2,3), (5,6), (6,3), (7,2) 12.8125
-----------------------------------------------------------------------
8: [6] (3, 0), (5, 0), (6, 3), (6, 8), (3, 8), (0, 2), (1, 2), (5, 7)
(0,0), (0,3), (1,1), (5,0), (6,5), (6,6), (8,1), (8,3) 19.234693877551
158.865u 0.016s 0:47.24 336.3%	0+0k 0+0io 0pf+0w
-----------------------------------------------------------------------
9: [8] (4, 0), (5, 0), (9, 4), (9, 8), (8, 9), (6, 10), (2, 8), (0, 3), (6, 7)
(0,2), (0,6), (1,1), (3,0), (3,3), (4,10), (5,10), (7,2), (9,7) 26.6919420552286
1192.986u 0.228s 5:01.85 395.2%	0+0k 0+0io 0pf+0w
-----------------------------------------------------------------------
10: [7] (8, 0), (9, 1), (11, 6), (8, 11), (4, 11), (1, 9), (0, 5), (2, 9), (8, 3), (9, 6)
(0,3), (0,7), (2,9), (2,10), (5,0), (5,2), (6,11), (8,3), (10,2), (11,3) 35.1530612244898
7120.981u 0.764s 26:33.46 446.9%        0+0k 0+0io 0pf+0w
-----------------------------------------------------------------------
11: [7] (6, 0), (9, 0), (13, 4), (12, 10), (3, 12), (0, 9), (0, 5), (2, 8), (7, 0), (9, 6), (10, 5)
(0,3), (0,7), (2,4), (3,0), (6,12), (7,12), (9,6), (9,12), (10,7), (12,2), (13,8) 48.5
88108.870u 30.437s 4:42:08.32 520.6%    0+0k 0+0io 0pf+0w
-----------------------------------------------------------------------
12:
? [8] (8, 0), (9, 0), (14, 4), (15, 8), (9, 15), (4, 14), (3, 12), (0, 4), (1, 5), (3, 5), (6, 2), (11, 4)
? (0,4), (1,5), (3,5), (3,12), (4,14), (6,2), (8,0), (9,0), (9,15), (11,4), (14,4), (15,8) 62.1652845381888 -> 0.99
-----------------------------------------------------------------------
13:
? [10] (16, 0), (17, 0), (18, 1), (19, 4), (17, 10), (12, 14), (8, 15), (3, 12), (0, 4), (9, 1), (2, 6), (5, 12), (7, 4)
? (0,2), (0,3), (1,1), (1,10), (4,0), (4,12), (4,19), (6,17), (10,2), (12,14), (12,16), (14,7), (15,11) 92.5 -> 0.81
-----------------------------------------------------------------------
14:
? [10] (16, 0), (17, 0), (18, 1), (19, 4), (19, 13), (17, 16), (9, 18), (4, 16), (0, 6), (1, 2), (3, 9), (7, 16), (11, 1), (14, 10) 114.794
-----------------------------------------------------------------------
15:
? [11] (17, 0), (18, 0), (19, 1), (19, 3), (18, 9), (14, 19), (12, 21), (8, 21), (2, 18), (0, 10), (0, 3), (2, 15), (5, 7), (6, 14), (8, 10) 145.054